# relative_time, cycles_done, cur_item, corpus_count, pending_total, pending_favs, map_size, saved_crashes, saved_hangs, max_depth, execs_per_sec, total_execs, edges_found
61, 0, 1, 22, 21, 1, 0.11%, 0, 0, 3, 1981.84, 116701, 70
66, 0, 1, 22, 21, 1, 0.11%, 0, 0, 3, 1992.24, 126997, 70
71, 0, 4, 27, 23, 22, 0.12%, 0, 0, 4, 1985.09, 137134, 80
76, 0, 14, 29, 20, 18, 0.12%, 0, 0, 4, 1992.37, 147212, 81
82, 0, 7, 29, 14, 12, 0.12%, 0, 0, 4, 1979.12, 157309, 81
87, 0, 8, 30, 9, 6, 0.13%, 0, 0, 4, 1988.57, 167351, 82
92, 0, 29, 32, 8, 3, 0.13%, 0, 0, 5, 1984.25, 177490, 84
97, 0, 29, 36, 12, 3, 0.16%, 0, 0, 5, 1988.19, 187658, 108
102, 0, 29, 40, 16, 3, 0.18%, 0, 0, 5, 1970.94, 197709, 118
107, 0, 29, 43, 19, 3, 0.18%, 0, 0, 5, 1920.89, 207489, 120
112, 0, 29, 46, 22, 3, 0.19%, 0, 0, 5, 1932.22, 217352, 123
117, 0, 29, 50, 26, 3, 0.21%, 0, 0, 5, 1946.50, 227374, 137
122, 0, 29, 51, 27, 3, 0.21%, 0, 0, 5, 1942.48, 237299, 138
128, 0, 29, 52, 28, 3, 0.21%, 0, 0, 5, 1964.03, 247323, 138
133, 0, 29, 53, 29, 3, 0.21%, 0, 0, 5, 1959.62, 257275, 138
138, 0, 29, 54, 30, 3, 0.21%, 0, 0, 5, 1956.40, 267071, 138
143, 0, 29, 54, 30, 3, 0.21%, 0, 0, 5, 1944.55, 276954, 138
148, 0, 29, 54, 30, 3, 0.21%, 0, 0, 5, 1954.61, 286844, 138
153, 0, 29, 55, 31, 3, 0.21%, 0, 0, 5, 1868.69, 296190, 139
158, 0, 29, 55, 31, 3, 0.21%, 0, 0, 5, 1858.39, 305477, 139
163, 0, 53, 58, 32, 18, 0.25%, 0, 0, 6, 1834.74, 314711, 162
168, 0, 38, 58, 30, 18, 0.25%, 0, 0, 6, 1836.47, 324038, 162
173, 0, 55, 62, 33, 17, 0.25%, 0, 0, 7, 1830.54, 333334, 167
178, 0, 37, 62, 32, 20, 0.25%, 0, 0, 7, 1836.96, 342649, 167
183, 0, 36, 62, 30, 18, 0.25%, 0, 0, 7, 1810.98, 351778, 167
188, 0, 59, 62, 27, 15, 0.25%, 0, 0, 7, 1824.94, 360963, 167
193, 0, 50, 62, 26, 14, 0.25%, 0, 0, 7, 1827.03, 370283, 167
198, 0, 46, 63, 25, 12, 0.25%, 0, 0, 7, 1835.51, 379617, 167
204, 0, 40, 63, 23, 10, 0.25%, 0, 0, 7, 1828.93, 388882, 167
209, 0, 35, 65, 23, 10, 0.26%, 0, 0, 7, 1834.71, 398156, 168
214, 0, 63, 65, 21, 8, 0.26%, 0, 0, 7, 1833.92, 407473, 168
219, 0, 63, 66, 22, 8, 0.26%, 0, 0, 8, 1846.26, 416840, 169
224, 0, 41, 66, 19, 6, 0.26%, 0, 0, 8, 1844.58, 426418, 169
229, 0, 34, 66, 17, 4, 0.26%, 0, 0, 8, 1829.54, 435557, 169
234, 0, 65, 71, 20, 2, 0.27%, 0, 0, 9, 1830.00, 444910, 177
239, 0, 67, 73, 21, 4, 0.27%, 0, 0, 10, 1862.00, 454251, 178
244, 0, 64, 73, 20, 4, 0.27%, 0, 0, 10, 1887.00, 463778, 178
249, 0, 70, 73, 19, 3, 0.27%, 0, 0, 10, 1851.27, 473312, 178
254, 0, 71, 73, 18, 2, 0.27%, 0, 0, 10, 1834.92, 482545, 178
260, 0, 69, 74, 18, 1, 0.27%, 0, 0, 10, 1815.69, 491801, 178
265, 0, 34, 74, 17, 0, 0.27%, 0, 0, 10, 1836.09, 501070, 178
270, 0, 54, 74, 17, 0, 0.27%, 0, 0, 10, 1826.41, 510265, 178
275, 1, 71, 75, 18, 1, 0.27%, 0, 0, 10, 1819.57, 519360, 179
280, 1, 74, 78, 21, 1, 0.28%, 0, 0, 10, 1790.09, 528382, 181
285, 1, 74, 79, 22, 1, 0.28%, 0, 0, 10, 1804.76, 537577, 181
290, 1, 74, 79, 22, 1, 0.28%, 0, 0, 10, 1799.17, 546679, 181
295, 1, 75, 80, 22, 1, 0.28%, 0, 0, 10, 1770.04, 555490, 181
300, 1, 75, 81, 23, 1, 0.28%, 0, 0, 10, 1796.03, 564737, 181
305, 1, 75, 81, 23, 1, 0.28%, 0, 0, 10, 1816.14, 574111, 181
310, 1, 75, 81, 23, 1, 0.28%, 0, 0, 10, 1806.36, 583399, 181
315, 1, 75, 81, 23, 1, 0.28%, 0, 0, 10, 1816.26, 592542, 181
320, 1, 67, 81, 22, 0, 0.28%, 0, 0, 10, 1828.33, 601908, 181
326, 1, 60, 81, 22, 0, 0.28%, 0, 0, 10, 1815.98, 611284, 181
331, 1, 1, 81, 22, 0, 0.28%, 0, 0, 10, 1829.08, 620477, 181
336, 1, 21, 81, 22, 0, 0.28%, 0, 0, 10, 1837.68, 629705, 181
341, 1, 37, 81, 22, 0, 0.28%, 0, 0, 10, 1837.86, 639004, 181
346, 1, 50, 82, 23, 0, 0.28%, 0, 0, 10, 1820.65, 648376, 181
351, 1, 71, 82, 23, 0, 0.28%, 0, 0, 10, 1807.11, 657584, 181
356, 1, 60, 82, 23, 0, 0.28%, 0, 0, 10, 1823.57, 666780, 181
361, 1, 65, 82, 23, 0, 0.28%, 0, 0, 10, 1789.67, 675803, 181
366, 2, 36, 82, 23, 0, 0.28%, 0, 0, 10, 1821.76, 684990, 181
371, 2, 67, 82, 23, 0, 0.28%, 0, 0, 10, 1809.90, 694138, 181
376, 2, 36, 82, 23, 0, 0.28%, 0, 0, 10, 1799.67, 703300, 181
381, 2, 63, 82, 23, 0, 0.28%, 0, 0, 10, 1806.37, 712407, 181
386, 2, 57, 82, 23, 0, 0.28%, 0, 0, 10, 1818.91, 721597, 181
391, 2, 28, 82, 23, 0, 0.28%, 0, 0, 10, 1808.20, 730715, 181
396, 2, 69, 82, 23, 0, 0.28%, 0, 0, 10, 1826.35, 740241, 181
402, 2, 69, 82, 23, 0, 0.28%, 0, 0, 10, 1792.99, 749449, 181
407, 2, 38, 82, 23, 0, 0.28%, 0, 0, 10, 1811.94, 758918, 181
412, 2, 33, 82, 23, 0, 0.28%, 0, 0, 10, 1791.20, 767946, 181
417, 2, 60, 82, 22, 0, 0.28%, 0, 0, 10, 1819.93, 777084, 181
422, 3, 60, 82, 22, 0, 0.28%, 0, 0, 10, 1901.69, 786795, 181
427, 3, 77, 82, 22, 0, 0.28%, 0, 0, 10, 1877.07, 796278, 181
432, 3, 54, 82, 21, 0, 0.28%, 0, 0, 10, 1816.43, 805408, 181
437, 3, 82, 84, 23, 1, 0.34%, 0, 0, 10, 1815.97, 814598, 224
442, 3, 83, 85, 23, 1, 0.34%, 0, 0, 10, 1744.76, 823480, 226
447, 3, 83, 87, 25, 1, 0.34%, 0, 0, 10, 1760.56, 832381, 226
452, 3, 83, 90, 28, 1, 0.35%, 0, 0, 10, 1753.56, 841467, 231
457, 3, 83, 90, 28, 1, 0.35%, 0, 0, 10, 1774.24, 850707, 231
462, 3, 83, 90, 28, 1, 0.35%, 0, 0, 10, 1751.65, 859492, 231
468, 3, 83, 90, 28, 1, 0.35%, 0, 0, 10, 1762.59, 868662, 231
473, 3, 83, 90, 28, 1, 0.35%, 0, 0, 10, 1752.60, 877763, 231
478, 3, 83, 90, 28, 1, 0.35%, 0, 0, 10, 1773.23, 887003, 231
483, 3, 83, 90, 28, 1, 0.35%, 0, 0, 10, 1762.09, 895824, 231
488, 3, 83, 90, 28, 1, 0.35%, 0, 0, 10, 1777.56, 905064, 231
493, 3, 83, 90, 28, 1, 0.35%, 0, 0, 10, 1763.47, 914164, 231
498, 3, 83, 90, 28, 1, 0.35%, 0, 0, 10, 1851.95, 923544, 231
503, 3, 83, 90, 28, 1, 0.35%, 0, 0, 10, 1893.11, 933197, 231
509, 3, 83, 90, 28, 1, 0.35%, 0, 0, 10, 1829.20, 942624, 231
514, 3, 83, 91, 29, 1, 0.36%, 0, 0, 10, 1768.52, 951761, 233
519, 3, 83, 91, 29, 1, 0.36%, 0, 0, 10, 1795.35, 960981, 233
570, 3, 84, 91, 28, 4, 0.36%, 0, 0, 10, 0.71, 963592, 233
575, 3, 84, 92, 29, 4, 0.36%, 0, 0, 10, 1830.44, 973081, 233
627, 3, 84, 92, 29, 4, 0.36%, 0, 0, 10, 0.75, 978359, 233
632, 3, 84, 94, 31, 4, 0.36%, 0, 0, 10, 1856.07, 987919, 233
637, 3, 84, 94, 31, 4, 0.36%, 0, 0, 10, 1867.09, 997391, 233
642, 3, 84, 95, 32, 4, 0.36%, 0, 0, 10, 1794.09, 1006746, 233
647, 3, 84, 96, 33, 4, 0.36%, 0, 0, 10, 1768.32, 1015853, 233
653, 3, 84, 96, 33, 4, 0.36%, 0, 0, 10, 1769.77, 1025093, 233
658, 3, 84, 96, 33, 4, 0.36%, 0, 0, 10, 1770.60, 1033913, 233
663, 3, 84, 96, 33, 4, 0.36%, 0, 0, 10, 1744.01, 1042823, 233
668, 3, 84, 96, 33, 4, 0.36%, 0, 0, 10, 1761.68, 1051868, 233
673, 3, 84, 96, 33, 4, 0.36%, 0, 0, 10, 1771.16, 1061108, 233
678, 3, 84, 96, 33, 4, 0.36%, 0, 0, 10, 1767.96, 1070278, 233
684, 3, 84, 98, 35, 4, 0.36%, 0, 0, 10, 1771.03, 1079462, 233
689, 3, 84, 98, 35, 4, 0.36%, 0, 0, 10, 1769.22, 1088562, 233
694, 3, 84, 98, 35, 4, 0.36%, 0, 0, 10, 1746.19, 1097347, 233
699, 3, 67, 98, 34, 3, 0.36%, 0, 0, 10, 1786.85, 1106408, 233
704, 3, 89, 101, 37, 3, 0.37%, 0, 0, 10, 1691.37, 1115168, 241
709, 3, 89, 102, 38, 3, 0.37%, 0, 0, 10, 1683.64, 1123622, 243
714, 3, 89, 105, 41, 3, 0.38%, 0, 0, 10, 1703.75, 1132408, 246
719, 3, 89, 105, 41, 3, 0.38%, 0, 0, 10, 1746.21, 1141384, 246
724, 3, 89, 105, 41, 3, 0.38%, 0, 0, 10, 1736.84, 1150394, 246
730, 3, 89, 105, 41, 3, 0.38%, 0, 0, 10, 1776.29, 1159676, 246
735, 3, 89, 105, 41, 3, 0.38%, 0, 0, 10, 1742.89, 1168652, 246
740, 3, 99, 105, 40, 6, 0.38%, 0, 0, 10, 1779.23, 1177696, 246
745, 3, 99, 105, 40, 6, 0.38%, 0, 0, 10, 1742.28, 1186624, 246
750, 3, 99, 106, 41, 6, 0.38%, 0, 0, 10, 1746.29, 1195453, 246
755, 3, 90, 106, 40, 5, 0.38%, 0, 0, 10, 1780.13, 1204425, 246
760, 3, 90, 107, 41, 5, 0.38%, 0, 0, 10, 1832.04, 1213734, 246
765, 3, 98, 107, 40, 4, 0.38%, 0, 0, 10, 1838.34, 1223150, 246
770, 3, 98, 107, 40, 4, 0.38%, 0, 0, 10, 1715.82, 1231685, 246
775, 3, 98, 107, 40, 4, 0.38%, 0, 0, 10, 1704.98, 1240235, 246
780, 3, 100, 107, 39, 3, 0.38%, 0, 0, 10, 1706.25, 1248951, 246
785, 3, 100, 107, 39, 3, 0.38%, 0, 0, 10, 1668.47, 1257295, 246
790, 3, 101, 107, 38, 2, 0.38%, 0, 0, 10, 1728.26, 1266372, 246
796, 3, 101, 107, 38, 2, 0.38%, 0, 0, 10, 1800.65, 1275775, 246
801, 3, 103, 109, 39, 1, 0.38%, 0, 0, 10, 1731.69, 1284518, 247
806, 3, 103, 109, 39, 1, 0.38%, 0, 0, 10, 1647.39, 1292687, 247
811, 3, 103, 110, 40, 1, 0.38%, 0, 0, 10, 1644.72, 1300962, 247
816, 3, 103, 113, 43, 1, 0.38%, 0, 0, 10, 1687.68, 1309596, 248
821, 3, 103, 113, 43, 1, 0.38%, 0, 0, 10, 1710.04, 1318454, 248
826, 3, 108, 113, 42, 2, 0.38%, 0, 0, 10, 1714.13, 1327285, 248
831, 3, 108, 115, 44, 2, 0.38%, 0, 0, 10, 1627.24, 1335609, 249
836, 3, 108, 115, 44, 2, 0.38%, 0, 0, 10, 1623.35, 1344043, 249
842, 3, 108, 116, 45, 2, 0.38%, 0, 0, 10, 1694.84, 1352762, 249
847, 3, 110, 116, 44, 2, 0.38%, 0, 0, 10, 1721.84, 1361551, 249
852, 3, 110, 116, 44, 2, 0.38%, 0, 0, 10, 1632.62, 1369949, 249
857, 3, 110, 116, 44, 2, 0.38%, 0, 0, 10, 1604.65, 1378200, 249
862, 3, 110, 116, 44, 2, 0.38%, 0, 0, 10, 1657.97, 1386796, 249
867, 3, 110, 116, 44, 2, 0.38%, 0, 0, 10, 1804.83, 1396272, 249
872, 3, 74, 116, 43, 1, 0.38%, 0, 0, 10, 1821.02, 1405471, 249
877, 3, 114, 118, 45, 1, 0.38%, 0, 0, 10, 1726.95, 1414059, 249
882, 3, 114, 118, 45, 1, 0.38%, 0, 0, 10, 1727.60, 1422690, 249
888, 3, 114, 118, 45, 1, 0.38%, 0, 0, 10, 1678.18, 1431211, 249
893, 3, 114, 120, 47, 1, 0.38%, 0, 0, 10, 1702.74, 1439840, 249
898, 3, 114, 120, 47, 1, 0.38%, 0, 0, 10, 1698.43, 1448586, 249
903, 3, 114, 120, 47, 1, 0.38%, 0, 0, 10, 1716.81, 1457486, 249
908, 3, 114, 121, 48, 1, 0.38%, 0, 0, 10, 1704.71, 1466197, 249
913, 3, 114, 121, 48, 1, 0.38%, 0, 0, 10, 1710.46, 1475105, 249
918, 3, 114, 121, 48, 1, 0.38%, 0, 0, 10, 1707.18, 1483912, 249
939, 3, 114, 121, 48, 1, 0.38%, 0, 0, 10, 1.94, 1489080, 249
944, 3, 114, 121, 48, 1, 0.38%, 0, 0, 10, 1716.45, 1497988, 249
949, 3, 114, 122, 49, 1, 0.38%, 0, 0, 10, 1726.09, 1506899, 249
954, 3, 60, 122, 48, 0, 0.38%, 0, 0, 10, 1778.23, 1515834, 249
959, 3, 47, 122, 48, 0, 0.38%, 0, 0, 10, 1790.63, 1524966, 249
965, 3, 36, 122, 48, 0, 0.38%, 0, 0, 10, 1797.80, 1534249, 249
970, 3, 25, 122, 47, 0, 0.38%, 0, 0, 10, 1808.00, 1543303, 249
975, 3, 67, 122, 47, 0, 0.38%, 0, 0, 10, 1803.18, 1552664, 249
980, 3, 110, 122, 47, 0, 0.38%, 0, 0, 10, 1777.57, 1561869, 249
1119, 3, 110, 122, 47, 0, 0.38%, 0, 0, 10, 0.25, 1563389, 249
1124, 3, 67, 122, 47, 0, 0.38%, 0, 0, 10, 1802.63, 1571995, 249
1129, 3, 84, 122, 47, 0, 0.38%, 0, 0, 10, 1854.27, 1581437, 249
1134, 3, 66, 123, 48, 0, 0.38%, 0, 0, 10, 1837.75, 1590793, 249
1139, 3, 66, 123, 48, 0, 0.38%, 0, 0, 10, 1747.37, 1599555, 249
