# relative_time, cycles_done, cur_item, corpus_count, pending_total, pending_favs, map_size, saved_crashes, saved_hangs, max_depth, execs_per_sec, total_execs, edges_found
61, 5, 1, 29, 1, 0, 0.12%, 0, 0, 4, 1934.99, 118586, 81
66, 6, 19, 29, 1, 0, 0.12%, 0, 0, 4, 1972.54, 128591, 81
71, 7, 20, 29, 1, 0, 0.12%, 0, 0, 4, 1973.29, 138478, 81
76, 9, 1, 29, 1, 0, 0.12%, 0, 0, 4, 1981.30, 148472, 81
81, 9, 1, 29, 1, 0, 0.12%, 0, 0, 4, 1881.39, 157906, 81
86, 10, 5, 29, 1, 0, 0.12%, 0, 0, 4, 1861.53, 167435, 81
91, 12, 1, 29, 1, 0, 0.12%, 0, 0, 4, 1852.89, 176892, 81
96, 13, 5, 29, 0, 0, 0.12%, 0, 0, 4, 1848.36, 186139, 81
101, 14, 1, 29, 0, 0, 0.12%, 0, 0, 4, 1863.53, 195678, 81
106, 15, 1, 29, 0, 0, 0.12%, 0, 0, 4, 1954.18, 205977, 81
111, 16, 6, 29, 0, 0, 0.12%, 0, 0, 4, 1967.68, 215883, 81
116, 17, 15, 29, 0, 0, 0.12%, 0, 0, 4, 1974.11, 225863, 81
121, 18, 1, 29, 0, 0, 0.12%, 0, 0, 4, 1969.04, 235761, 81
127, 19, 26, 29, 0, 0, 0.12%, 0, 0, 4, 1975.47, 245737, 81
132, 20, 5, 29, 0, 0, 0.12%, 0, 0, 4, 1973.08, 255643, 81
137, 21, 7, 29, 0, 0, 0.12%, 0, 0, 4, 1969.98, 265637, 81
142, 22, 27, 30, 1, 0, 0.13%, 0, 0, 5, 1913.71, 275223, 82
147, 22, 29, 34, 5, 1, 0.13%, 0, 0, 6, 1856.84, 284613, 86
152, 22, 29, 35, 6, 1, 0.16%, 0, 0, 6, 1844.73, 293907, 106
157, 22, 29, 35, 6, 1, 0.16%, 0, 0, 6, 1851.55, 303453, 106
162, 22, 34, 40, 10, 5, 0.18%, 0, 0, 7, 1924.61, 313081, 118
167, 22, 34, 46, 16, 5, 0.19%, 0, 0, 7, 1959.85, 323138, 123
172, 22, 34, 48, 18, 5, 0.19%, 0, 0, 7, 1963.30, 333214, 125
177, 22, 45, 48, 17, 15, 0.19%, 0, 0, 7, 1944.65, 343048, 125
182, 22, 37, 48, 15, 13, 0.19%, 0, 0, 7, 1934.00, 352814, 125
188, 22, 43, 49, 15, 13, 0.19%, 0, 0, 8, 1916.80, 362768, 126
193, 22, 38, 49, 13, 11, 0.19%, 0, 0, 8, 1937.11, 372693, 126
198, 22, 48, 49, 11, 9, 0.19%, 0, 0, 8, 1897.55, 382382, 126
203, 22, 49, 55, 15, 8, 0.24%, 0, 0, 9, 1871.24, 391997, 160
208, 22, 49, 57, 17, 8, 0.25%, 0, 0, 9, 1848.49, 401516, 161
213, 22, 49, 58, 18, 8, 0.25%, 0, 0, 9, 1902.34, 411291, 161
218, 22, 54, 59, 16, 9, 0.25%, 0, 0, 10, 1839.74, 420816, 162
223, 22, 54, 60, 17, 9, 0.25%, 0, 0, 10, 1863.42, 430152, 163
229, 22, 52, 60, 16, 8, 0.25%, 0, 0, 10, 1847.82, 439905, 163
234, 22, 58, 60, 15, 7, 0.25%, 0, 0, 10, 1885.90, 449471, 163
285, 22, 58, 61, 16, 7, 0.25%, 0, 0, 11, 0.75, 453992, 163
290, 22, 58, 61, 16, 7, 0.25%, 0, 0, 11, 1920.06, 463843, 163
342, 22, 59, 63, 15, 5, 0.25%, 0, 0, 11, 0.77, 469258, 165
348, 22, 59, 63, 15, 5, 0.25%, 0, 0, 11, 1929.88, 479188, 165
353, 22, 62, 63, 13, 4, 0.25%, 0, 0, 11, 1936.35, 488999, 165
358, 22, 62, 64, 14, 4, 0.26%, 0, 0, 12, 1956.66, 499093, 168
363, 22, 63, 64, 12, 4, 0.26%, 0, 0, 12, 1953.02, 509094, 168
368, 22, 61, 65, 11, 2, 0.26%, 0, 0, 12, 1958.06, 519031, 168
373, 22, 63, 66, 10, 0, 0.26%, 0, 0, 13, 1955.54, 528879, 170
378, 22, 65, 67, 11, 1, 0.26%, 0, 0, 14, 1925.20, 538662, 171
383, 22, 65, 68, 12, 1, 0.26%, 0, 0, 14, 1938.45, 548564, 171
388, 22, 65, 68, 12, 1, 0.26%, 0, 0, 14, 1948.12, 558544, 171
394, 22, 48, 68, 11, 1, 0.26%, 0, 0, 14, 1953.34, 568414, 171
399, 22, 66, 69, 12, 1, 0.27%, 0, 0, 15, 1956.76, 578336, 174
404, 22, 66, 69, 12, 1, 0.27%, 0, 0, 15, 1954.94, 588356, 174
409, 22, 68, 70, 12, 1, 0.27%, 0, 0, 16, 1956.20, 598513, 175
414, 22, 68, 70, 12, 1, 0.27%, 0, 0, 16, 1953.29, 608452, 175
419, 22, 69, 70, 11, 1, 0.27%, 0, 0, 16, 1956.76, 618476, 175
424, 22, 69, 70, 11, 1, 0.27%, 0, 0, 16, 1949.39, 628453, 175
429, 22, 69, 70, 10, 0, 0.27%, 0, 0, 16, 1956.82, 638429, 175
435, 22, 69, 71, 11, 0, 0.27%, 0, 0, 17, 1949.39, 648342, 175
440, 22, 69, 71, 11, 0, 0.27%, 0, 0, 17, 1937.47, 658288, 175
445, 22, 69, 71, 11, 0, 0.27%, 0, 0, 17, 1921.09, 668034, 175
450, 22, 69, 71, 11, 0, 0.27%, 0, 0, 17, 1937.08, 677880, 175
455, 22, 69, 71, 11, 0, 0.27%, 0, 0, 17, 1954.69, 687774, 175
460, 22, 70, 71, 11, 1, 0.27%, 0, 0, 17, 1919.97, 697594, 175
465, 22, 49, 71, 10, 0, 0.27%, 0, 0, 17, 1945.11, 707631, 175
470, 22, 18, 71, 10, 0, 0.27%, 0, 0, 17, 1939.58, 717416, 175
475, 22, 70, 71, 10, 0, 0.27%, 0, 0, 17, 1937.55, 727386, 175
480, 22, 70, 71, 10, 0, 0.27%, 0, 0, 17, 1925.99, 737310, 175
485, 22, 70, 71, 10, 0, 0.27%, 0, 0, 17, 1953.60, 747369, 175
491, 22, 70, 71, 10, 0, 0.27%, 0, 0, 17, 1943.73, 757410, 175
496, 23, 52, 71, 10, 0, 0.27%, 0, 0, 17, 1965.14, 767340, 175
501, 23, 53, 71, 10, 0, 0.27%, 0, 0, 17, 1934.12, 777003, 175
506, 23, 70, 71, 10, 0, 0.27%, 0, 0, 17, 1961.35, 787242, 175
511, 23, 70, 71, 10, 0, 0.27%, 0, 0, 17, 1930.70, 797305, 175
516, 23, 70, 71, 10, 0, 0.27%, 0, 0, 17, 1949.18, 807339, 175
521, 23, 70, 71, 10, 0, 0.27%, 0, 0, 17, 1942.74, 817199, 175
526, 23, 70, 71, 10, 0, 0.27%, 0, 0, 17, 1949.02, 827211, 175
532, 23, 70, 71, 10, 0, 0.27%, 0, 0, 17, 1934.89, 837137, 175
537, 23, 70, 71, 10, 0, 0.27%, 0, 0, 17, 1952.67, 847148, 175
542, 23, 70, 71, 10, 0, 0.27%, 0, 0, 17, 1948.70, 856967, 175
547, 23, 70, 71, 10, 0, 0.27%, 0, 0, 17, 1950.67, 866890, 175
552, 23, 63, 71, 10, 0, 0.27%, 0, 0, 17, 1942.99, 876826, 175
557, 23, 49, 71, 10, 0, 0.27%, 0, 0, 17, 1946.09, 886597, 175
562, 23, 63, 71, 10, 0, 0.27%, 0, 0, 17, 1956.45, 896755, 175
567, 23, 66, 71, 10, 0, 0.27%, 0, 0, 17, 1963.69, 906719, 175
572, 23, 66, 71, 10, 0, 0.27%, 0, 0, 17, 1943.10, 916765, 175
577, 23, 66, 71, 10, 0, 0.27%, 0, 0, 17, 1940.10, 926717, 175
583, 23, 47, 71, 10, 0, 0.27%, 0, 0, 17, 1866.23, 936353, 175
588, 23, 10, 71, 10, 0, 0.27%, 0, 0, 17, 1855.75, 945616, 175
593, 23, 6, 71, 10, 0, 0.27%, 0, 0, 17, 1836.06, 954852, 175
598, 23, 20, 71, 10, 0, 0.27%, 0, 0, 17, 1846.22, 964160, 175
603, 24, 62, 72, 11, 0, 0.27%, 0, 0, 17, 1827.85, 973396, 176
608, 24, 71, 75, 14, 1, 0.28%, 0, 0, 17, 1830.35, 982693, 181
613, 24, 71, 78, 17, 1, 0.28%, 0, 0, 17, 1831.47, 991966, 186
618, 24, 71, 79, 18, 1, 0.28%, 0, 0, 17, 1892.76, 1001487, 186
623, 24, 73, 79, 17, 5, 0.28%, 0, 0, 17, 1932.07, 1011368, 186
628, 24, 76, 79, 16, 4, 0.28%, 0, 0, 17, 1931.55, 1021240, 186
633, 24, 76, 80, 17, 4, 0.28%, 0, 0, 17, 1923.27, 1030939, 186
655, 24, 70, 80, 16, 3, 0.28%, 0, 0, 17, 2.18, 1038464, 186
660, 24, 70, 80, 16, 3, 0.28%, 0, 0, 17, 1930.30, 1048215, 186
665, 24, 77, 80, 16, 3, 0.28%, 0, 0, 17, 1923.65, 1057897, 186
670, 24, 78, 80, 15, 2, 0.28%, 0, 0, 17, 1928.88, 1067601, 186
675, 24, 74, 80, 14, 1, 0.28%, 0, 0, 17, 1898.57, 1077324, 186
680, 24, 47, 80, 13, 0, 0.28%, 0, 0, 17, 1926.04, 1087252, 186
685, 24, 74, 80, 13, 0, 0.28%, 0, 0, 17, 1911.16, 1097005, 186
690, 24, 74, 80, 13, 0, 0.28%, 0, 0, 17, 1923.10, 1106844, 186
695, 24, 62, 80, 13, 0, 0.28%, 0, 0, 17, 1935.66, 1116558, 186
835, 24, 37, 80, 13, 0, 0.28%, 0, 0, 17, 0.11, 1119410, 186
840, 24, 63, 80, 13, 0, 0.28%, 0, 0, 17, 1730.78, 1127637, 186
845, 24, 39, 80, 13, 0, 0.28%, 0, 0, 17, 1820.24, 1136844, 186
850, 24, 63, 80, 13, 0, 0.28%, 0, 0, 17, 1869.80, 1146437, 186
855, 24, 63, 80, 13, 0, 0.28%, 0, 0, 17, 1883.30, 1156210, 186
